0.106876 0.05
2.20876 0.06
2.81439 0.07
2.88564 0.08
3.06377 0.09
3.42002 0.1
3.5269 0.11
3.56252 0.13
3.59815 0.15
3.63377 0.17
3.84752 0.19
4.06128 0.2
4.13253 0.21
4.2394 0.22
4.48878 0.23
4.77378 0.24
5.05878 0.25
5.16566 0.26
5.34378 0.27
5.73566 0.28
5.80691 0.29
6.09191 0.3
6.16316 0.31
6.34129 0.32
6.41254 0.33
6.44817 0.34
6.48379 0.35
6.62629 0.39
6.66192 0.4
6.69754 0.41
6.84004 0.42
6.94692 0.44
6.98254 0.45
7.01817 0.48
7.05379 0.52
7.08942 0.68
7.12504 0.69
7.16067 0.7
7.19629 0.71
7.23192 0.72
7.26755 0.73
7.37442 0.74
7.44567 0.75
7.51692 0.76
7.58817 0.77
7.69505 0.78
7.7663 0.79
7.80192 0.8
7.87317 0.81
7.94442 0.82
8.01568 0.83
8.08693 0.85
8.26505 0.86
8.40755 0.87
8.51443 0.88
8.65693 0.89
8.83506 0.9
8.90631 0.91
9.08443 0.92
9.12006 0.93
9.19131 0.94
9.22693 0.95
9.26256 0.96
9.29818 0.98
9.33381 0.99
9.40506 1
9.47631 1.04
9.58318 1.05
9.65444 1.07
9.69006 1.08
9.72569 1.09
9.76131 1.11
9.79694 1.14
9.83256 1.16
9.86819 1.2
9.90381 1.21
9.93944 1.41
9.97506 1.56
10.0107 1.63
10.0463 1.7
10.0819 1.79
10.1176 1.9
10.1532 2.05
10.2244 2.2
10.2601 2.21
10.2957 2.22
10.3313 2.25
10.3669 2.27
10.4026 2.29
10.5094 2.33
10.5451 2.35
10.5807 2.42
10.6163 2.43
10.6519 2.47
10.6876 2.48
10.7232 2.51
10.7588 2.54
10.7944 2.55
10.8657 2.56
10.9013 2.57
10.9369 2.75
11.0082 2.77
11.0438 2.79
11.0794 2.83
11.1151 2.84
11.1863 2.88
11.2219 2.95
11.2576 2.96
11.3644 2.97
11.4001 2.98
11.4357 2.99
11.4713 3
11.5069 3.01
11.6494 3.03
11.6851 3.04
11.7207 3.05
11.7563 3.06
11.7919 3.08
11.8276 3.11
11.8632 3.12
11.8988 3.13
12.0057 3.15
12.0413 3.16
12.077 3.17
12.1482 3.19
12.2907 3.2
12.4332 3.25
12.4688 3.27
12.5045 3.33
12.5757 3.41
12.6113 3.45
12.647 3.5
12.6826 3.52
12.7182 3.56
12.7538 3.58
12.7895 3.64
12.8251 3.8
12.8607 3.84
12.8963 3.87
12.9676 3.89
13.0032 3.93
13.0388 3.94
13.1101 3.95
13.1457 3.99
13.1813 4.01
13.217 4.02
13.2526 4.05
13.2882 4.07
13.3595 4.1
13.3951 4.15
13.4307 4.17
13.4663 4.19
13.5376 4.22
13.5732 4.25
13.6801 4.27
13.7157 4.33
13.7513 4.36
13.787 4.39
13.8226 4.41
13.8582 4.42
13.8938 4.46
13.9295 4.55
13.9651 4.61
14.0007 4.62
14.0363 4.68
14.1432 4.69
14.2145 4.7
14.2501 4.72
14.2857 4.73
14.4282 4.77
14.4638 4.78
14.5351 4.79
14.642 4.81
14.7132 4.82
14.7845 4.83
14.8913 4.84
14.927 4.85
15.0338 4.86
15.1763 4.87
15.212 4.88
15.2476 4.89
15.2832 4.9
15.3901 4.91
15.5682 4.92
15.7107 4.93
15.782 4.94
15.9245 4.95
16.1026 4.96
16.1739 4.97
16.2807 4.98
16.3164 4.99
16.352 5
16.4232 5.01
16.4589 5.02
16.637 5.03
16.6726 5.04
16.7439 5.05
16.7795 5.06
16.8507 5.07
16.8864 5.08
16.9576 5.09
17.207 5.1
17.2426 5.11
17.3495 5.12
17.4564 5.13
17.6345 5.14
17.7057 5.15
17.7414 5.18
17.8126 5.2
17.8482 5.21
17.9195 5.22
17.9551 5.25
18.0264 5.26
18.1689 5.27
18.2045 5.28
18.2401 5.29
18.3114 5.33
18.3826 5.34
18.4182 5.35
18.4895 5.38
18.5251 5.43
18.5607 5.44
18.5964 5.45
18.6676 5.46
18.7389 5.47
18.7745 5.48
18.8101 5.49
18.8457 5.5
18.8814 5.51
18.917 5.55
18.9526 5.56
19.0239 5.57
19.0951 5.59
19.202 5.6
19.2376 5.61
19.2732 5.62
19.3445 5.63
19.4157 5.69
19.4514 5.7
19.487 5.75
19.5226 5.8
19.5582 5.81
19.5939 5.83
19.6295 5.86
19.6651 5.87
19.7007 5.91
19.7364 5.92
19.772 5.93
19.8076 5.95
19.8432 5.96
19.9145 6.08
19.9501 6.1
19.9857 6.11
20.0214 6.12
20.057 6.16
20.0926 6.18
20.1283 6.29
20.1995 6.3
20.2708 6.31
20.3064 6.33
20.342 6.35
20.4489 6.36
20.4845 6.4
20.5201 6.41
20.5558 6.42
20.5914 6.43
20.627 6.45
20.6626 6.49
20.7339 6.5
20.7695 6.51
20.8051 6.53
20.8764 6.55
20.912 6.61
20.9476 6.63
21.0545 6.65
21.1258 6.67
21.197 6.68
21.2683 6.69
21.3039 6.7
21.3395 6.75
21.4108 6.76
21.5176 6.8
21.5533 6.81
21.5889 6.86
21.6245 6.88
21.6601 6.9
21.6958 6.95
21.7314 6.99
21.767 7
21.8026 7.02
21.8383 7.11
21.9095 7.15
21.9808 7.19
22.052 7.2
22.0876 7.42
22.1233 7.54
22.1589 7.61
22.1945 7.62
22.2301 7.67
22.2658 7.76
22.3014 7.8
22.337 7.9
22.3726 8
22.4083 8.03
22.4795 8.18
22.5508 8.2
22.5864 8.21
22.622 8.3
22.6576 8.4
22.6933 8.41
22.7289 8.43
22.7645 8.45
22.8001 8.48
22.8714 8.5
22.907 8.52
22.9426 8.59
22.9783 8.6
23.0139 8.64
23.0495 8.71
23.0851 8.74
23.1208 8.79
23.2633 8.8
23.2989 8.85
23.3345 8.87
23.3701 8.89
23.4414 8.9
23.477 8.97
23.5126 9.07
23.5483 9.1
23.5839 9.11
23.6195 9.26
23.6551 9.35
23.7264 9.46
23.762 9.55
23.7976 9.57
23.8333 9.66
23.8689 9.8
23.9045 9.81
23.9401 9.91
23.9758 9.97
24.0114 9.98
24.047 9.99
24.1183 10.1
24.1539 10.13
24.1895 10.16
24.2252 10.17
24.2608 10.2
24.2964 10.26
24.332 10.38
24.3677 10.47
24.4033 10.52
24.4745 10.53
24.5102 10.57
24.617 10.6
24.6527 10.61
24.6883 10.64
24.7239 10.7
24.7952 10.75
24.8308 10.78
24.902 10.8
24.9377 10.81
24.9733 10.83
25.0089 10.85
25.0802 10.86
25.1514 10.87
25.2583 10.89
25.2939 10.9
25.4008 10.92
25.472 10.94
25.6145 10.95
25.6502 10.96
25.6858 10.97
25.7214 10.98
25.7927 11
25.8283 11.01
25.8639 11.02
25.8995 11.04
25.9708 11.06
26.0064 11.1
26.042 11.15
26.0777 11.17
26.1133 11.18
26.1845 11.2
26.2202 11.31
26.2558 11.33
26.2914 11.36
26.327 11.39
26.3627 11.4
26.3983 11.45
26.4339 11.51
26.4695 11.58
26.5052 11.61
26.5408 11.62
26.5764 11.63
26.7189 11.65
26.7545 11.67
26.7902 11.71
26.8258 11.73
26.9327 11.74
27.0039 11.75
27.0395 11.77
27.0752 11.78
27.1108 11.79
27.182 11.8
27.2177 11.81
27.2533 11.84
27.2889 11.85
27.3245 11.86
27.3602 11.87
27.4314 11.89
27.467 11.94
27.5027 12
27.5383 12.03
27.5739 12.04
27.6095 12.05
27.6452 12.1
27.6808 12.12
27.752 12.19
27.8233 12.2
27.8589 12.24
27.9302 12.25
27.9658 12.27
28.0014 12.28
28.0371 12.31
28.0727 12.34
28.1083 12.35
28.1439 12.36
28.1796 12.37
28.2152 12.39
28.2864 12.4
28.3221 12.41
28.3577 12.42
28.3933 12.45
28.4289 12.48
28.5002 12.5
28.5714 12.56
28.6071 12.57
28.6427 12.68
28.6783 12.69
28.7139 12.84
28.7496 12.85
28.7852 12.89
28.8208 12.91
28.8564 13.09
28.8921 13.16
28.9633 13.25
28.9989 13.28
29.1414 13.3
29.1771 13.31
29.2483 13.35
29.2839 13.37
29.3552 13.38
29.3908 13.39
29.4621 13.4
29.4977 13.41
29.6046 13.42
29.6402 13.43
29.6758 13.44
29.7471 13.45
29.7827 13.47
29.8183 13.48
29.8896 13.49
30.0677 13.5
30.1033 13.51
30.1389 13.52
30.1746 13.53
30.2102 13.56
30.2458 13.59
30.3171 13.6
30.3527 13.61
30.3883 13.68
30.4239 13.69
30.5308 13.7
30.5664 13.72
30.6021 13.74
30.6377 13.77
30.6733 13.81
30.7089 13.85
30.7446 13.86
30.7802 13.88
30.8158 13.94
30.8514 13.95
30.8871 13.98
30.9227 13.99
30.9583 14.01
30.9939 14.05
31.0296 14.12
31.1008 14.14
31.1364 14.21
31.1721 14.24
31.2077 14.25
31.2433 14.29
31.2789 14.3
31.3146 14.31
31.3502 14.38
31.3858 14.65
31.4214 14.73
31.4927 14.78
31.5283 14.9
31.5996 15.4
31.6352 15.44
31.6708 15.5
31.7064 15.61
31.7421 15.68
31.8133 15.7
31.8489 16.1
31.8846 16.45
31.9202 16.7
31.9558 16.75
31.9914 16.8
32.0271 16.84
32.0627 16.89
32.0983 16.9
32.134 16.95
32.1696 17
32.2052 17.26
32.2408 17.4
32.2765 17.5
32.5258 17.51
32.5615 17.82
32.5971 17.88
32.6683 18.55
32.704 18.72
32.7396 18.89
32.7752 19.28
32.8108 19.49
32.8465 19.53
32.8821 19.63
32.9177 19.7
32.9533 19.84
32.989 20.41
33.0246 20.43
33.0602 20.5
33.0958 20.59
33.1315 20.6
33.1671 21.18
33.2027 22.15
33.2383 22.66
33.274 23.65
33.3096 23.92
33.3452 23.95
33.3808 23.97
33.4165 24.2
33.4521 24.65
33.4877 25.17
33.5233 26.81
33.559 26.95
33.5946 27.1
33.6658 27.22
33.7015 28.92
33.7371 29.42
33.7727 29.6
33.8083 29.64
33.844 29.75
33.8796 29.8
33.9152 29.89
33.9508 30.25
33.9865 30.4
34.0221 30.9
34.0577 31.1
34.0933 33.38
34.129 34.25
34.2002 34.5
34.2358 36.15
34.2715 40.33
34.3071 41.02
34.3427 42
34.3783 44.18
34.414 44.29
34.4496 46
34.4852 46.85
34.5208 46.92
34.5565 46.95
34.5921 47
34.6277 47.17
34.6633 47.4
34.699 48.4
34.7346 51.6
34.7702 59.14
34.8058 64.35
34.8415 64.49
34.8771 66.34
34.9127 66.85
34.9483 68.36
34.984 69.86
35.0196 70.85
35.0552 71.5
35.0908 72.51
35.1265 73.6
35.1621 74.22
35.1977 74.56
35.2333 76.89
35.269 77.68
35.3046 78.5
35.3402 82.39
35.3758 84.51
35.4115 84.61
35.4471 85.43
35.4827 85.47
35.5183 85.67
35.554 85.78
35.5896 86.09
35.6252 86.18
35.6608 86.94
35.6965 87.46
35.7321 87.66
35.7677 88.46
35.8033 88.92
35.839 89.1
35.8746 89.41
35.9102 90
35.9458 90.37
35.9815 90.5
36.0171 90.54
36.0527 90.63
36.0884 91.22
36.124 91.39
36.1596 92.1
36.1952 92.19
36.2309 92.74
36.2665 93
36.3021 93.03
36.3377 93.07
36.3734 93.14
36.409 93.29
36.4446 93.3
36.4802 93.36
36.5159 94.16
36.5515 94.66
36.5871 94.77
36.6227 95
36.6584 95.08
36.694 96.31
36.7296 96.42
36.7652 96.6
36.8009 96.66
36.8721 96.92
36.9077 97.13
36.9434 97.24
36.979 97.51
37.0146 97.54
37.0502 97.9
37.0859 97.91
37.1215 97.96
37.1571 98.1
37.1927 98.33
37.2284 98.84
37.264 99.56
37.2996 99.8
37.3352 99.81
37.3709 99.9
37.4065 100
37.4421 100.44
37.4777 101.74
37.5134 101.95
37.549 102.09
37.5846 102.3
37.6202 103.33
37.6559 103.95
37.7271 104
37.7627 105.01
37.7984 106.25
37.834 106.35
37.8696 107.35
37.9052 107.55
37.9409 107.89
37.9765 107.9
38.0121 108.2
38.0477 108.25
38.0834 108.69
38.119 108.78
38.1546 109
38.1902 109.01
38.2259 109.5
38.2615 109.6
38.2971 109.73
38.3327 111
38.3684 111.29
38.404 111.4
38.4396 111.44
38.4752 111.79
38.5109 112.23
38.5465 112.25
38.5821 112.8
38.6177 112.9
38.6534 113.2
38.689 114.22
38.7246 114.82
38.7602 115.64
38.7959 115.98
38.8315 116.32
38.8671 116.38
38.9027 116.59
38.9384 116.82
38.974 117
39.0096 117.45
39.0452 117.52
39.0809 117.59
39.1165 117.7
39.1877 117.98
39.2234 118.21
39.259 118.48
39.2946 118.97
39.3302 119.05
39.3659 119.2
39.4015 120.02
39.4371 120.53
39.4727 120.57
39.5084 120.74
39.544 121.14
39.5796 121.29
39.6152 121.4
39.6509 121.46
39.6865 121.68
39.7221 121.9
39.7577 122.02
39.7934 122.22
39.8646 122.5
39.9002 122.54
39.9359 122.64
39.9715 122.65
40.0071 122.89
40.0428 122.9
40.0784 123.1
40.114 123.21
40.1496 123.23
40.1853 123.24
40.2209 123.42
40.2565 123.48
40.3278 123.5
40.3634 123.8
40.399 124.08
40.4346 124.19
40.4703 124.32
40.5059 124.58
40.5415 124.75
40.5771 124.9
40.6128 125.06
40.6484 125.18
40.684 125.45
40.7196 125.49
40.7553 125.51
40.7909 125.7
40.8265 125.76
40.8621 125.84
40.8978 125.97
40.969 126.3
41.0046 126.51
41.0403 126.52
41.0759 126.62
41.1115 127.36
41.1471 127.4
41.1828 127.59
41.2184 128
41.254 128.26
41.2896 128.8
41.3253 128.82
41.3609 129
41.3965 129.3
41.4321 129.46
41.4678 129.77
41.5034 130.42
41.539 131.99
41.5746 132.12
41.6103 132.25
41.6459 133.04
41.6815 133.1
41.7171 133.5
41.7528 134.44
41.7884 135
41.824 136.9
41.8596 137.42
41.8953 138.64
41.9309 139.23
41.9665 141.71
42.0021 142.32
42.0378 142.63
42.0734 142.73
42.109 143.47
42.1446 144
42.1803 149.59
42.2159 154.2
42.2515 159.81
42.2871 162.3
42.3228 163.06
42.3584 165
42.394 174.18
42.4296 175.9
42.4653 177.28
42.5009 178.12
42.5365 183.15
42.5721 183.86
42.6078 185.69
42.6434 187.5
42.679 187.87
42.7146 194.55
42.7503 198.19
42.7859 198.23
42.8215 198.51
42.8571 199.62
42.8928 200.62
42.9284 200.85
42.964 207.22
42.9996 207.63
43.0353 209.13
43.0709 209.93
43.1065 210.46
43.1421 210.48
43.1778 213.98
43.2134 216.77
43.249 216.91
43.2846 218.27
43.3203 218.81
43.3559 219
43.3915 219.49
43.4271 220.08
43.4628 220.17
43.4984 221.69
43.534 221.71
43.5696 221.85
43.6053 222.23
43.6409 222.48
43.6765 222.84
43.7121 222.87
43.7478 223.31
43.7834 223.39
43.819 223.41
43.8546 223.57
43.8903 224.26
43.9259 224.31
43.9615 224.37
43.9971 225.04
44.0328 225.2
44.0684 225.38
44.104 225.39
44.1397 225.65
44.2109 225.68
44.2465 225.75
44.2822 225.85
44.3534 225.98
44.389 226.4
44.4247 226.5
44.4603 226.61
44.4959 226.73
44.5315 226.76
44.5672 226.96
44.6028 226.98
44.6384 227.33
44.674 227.35
44.7097 227.59
44.7453 228.11
44.7809 228.5
44.8165 228.61
44.8522 228.65
44.8878 228.8
44.9234 228.86
44.959 228.95
44.9947 229.33
45.0303 229.74
45.0659 229.76
45.1015 229.92
45.1372 229.96
45.2084 230
45.2797 230.02
45.3153 230.05
45.3509 230.09
45.3865 230.2
45.4222 230.24
45.4578 230.33
45.4934 230.52
45.529 230.79
45.5647 230.86
45.6003 230.98
45.6359 231.24
45.7072 231.94
45.7428 232.12
45.7784 232.4
45.814 232.66
45.8497 232.72
45.8853 232.75
45.9209 232.79
45.9565 232.85
45.9922 232.87
46.0278 232.97
46.0634 233.21
46.099 233.29
46.1347 233.56
46.1703 233.85
46.2059 233.92
46.2415 234.21
46.2772 234.25
46.3128 234.28
46.3484 234.33
46.384 234.68
46.4197 234.69
46.4553 234.82
46.4909 234.84
46.5265 234.9
46.5622 235.22
46.5978 235.3
46.6334 235.53
46.669 235.56
46.7047 235.64
46.7403 235.73
46.7759 235.79
46.8115 235.8
46.8472 235.81
46.9184 236.1
46.954 236.12
46.9897 236.21
47.0253 236.25
47.0609 236.55
47.0965 236.57
47.1322 236.62
47.1678 236.74
47.2034 237.1
47.239 237.18
47.2747 237.25
47.3459 237.31
47.3815 237.33
47.4172 237.4
47.4528 237.47
47.4884 237.49
47.524 237.54
47.5597 237.57
47.5953 237.78
47.6309 238.08
47.6665 238.29
47.7022 238.59
47.7378 238.69
47.7734 238.76
47.809 238.77
47.8447 239.03
47.8803 239.09
47.9159 239.29
47.9515 239.34
47.9872 239.44
48.0228 239.63
48.0584 239.83
48.0941 240.02
48.1297 240.08
48.1653 240.12
48.2009 240.22
48.2366 240.48
48.2722 240.52
48.3078 240.59
48.3434 240.99
48.3791 241.19
48.4147 241.85
48.4503 242.02
48.4859 242.42
48.5216 242.64
48.5572 242.69
48.5928 243.26
48.6284 243.27
48.6997 243.39
48.7709 243.55
48.8066 243.6
48.8422 243.78
48.8778 243.99
48.9134 244.01
48.9491 244.26
48.9847 244.32
49.0203 244.36
49.0559 245.26
49.0916 245.33
49.1272 245.44
49.1628 245.59
49.1984 246.13
49.2341 246.42
49.2697 246.55
49.3053 246.58
49.3409 246.77
49.3766 246.85
49.4122 247.53
49.4478 247.65
49.4834 247.99
49.5191 248.07
49.5547 248.87
49.5903 249.17
49.6259 249.94
49.6616 250.71
49.6972 250.9
49.7328 252.25
49.7684 252.26
49.8041 252.51
49.8397 252.59
49.8753 252.8
49.9109 253.12
49.9466 253.53
49.9822 253.54
50.0178 253.69
50.0534 254.35
50.0891 254.51
50.1247 254.52
50.1603 254.81
50.1959 255.37
50.2316 255.6
50.2672 256.49
50.3028 256.98
50.3384 257.47
50.3741 257.66
50.4097 257.67
50.4453 258.74
50.4809 259.62
50.5166 259.74
50.5522 259.95
50.5878 260.2
50.6234 260.35
50.6591 260.73
50.6947 260.84
50.7303 262.06
50.7659 262.48
50.8016 262.9
50.8372 262.94
50.8728 263.34
50.9084 263.63
50.9441 263.76
50.9797 264.42
51.0153 264.44
51.0509 264.87
51.0866 264.96
51.1222 265.37
51.1578 265.64
51.1934 265.94
51.2291 267.09
51.2647 267.33
51.3003 267.8
51.3359 268.11
51.3716 268.49
51.4072 269.65
51.4428 270.22
51.4784 270.92
51.5141 271.02
51.5497 271.2
51.5853 271.35
51.6209 271.92
51.6566 271.95
51.6922 272.21
51.7278 272.49
51.7634 272.95
51.7991 274.07
51.8347 274.41
51.8703 274.48
51.9059 274.49
51.9416 274.86
51.9772 275.1
52.0128 275.63
52.0485 275.89
52.0841 276.62
52.1197 277.46
52.1553 277.83
52.191 278.25
52.2266 278.41
52.2622 278.49
52.2978 279.03
52.3335 279.85
52.3691 280.04
52.4047 280.48
52.4403 281.36
52.476 281.38
52.5116 281.45
52.5472 281.65
52.5828 282.66
52.6185 283.07
52.6541 283.25
52.6897 283.3
52.7253 283.82
52.761 283.88
52.7966 283.94
52.8322 284.28
52.8678 284.46
52.9035 284.5
52.9391 285.34
52.9747 285.58
53.0103 286.13
53.046 286.19
53.0816 287.29
53.1172 287.97
53.1528 288.13
53.1885 288.52
53.2241 288.77
53.2597 288.84
53.2953 290.38
53.331 290.51
53.3666 290.88
53.4022 291.64
53.4378 291.69
53.4735 292.73
53.5091 293.79
53.5447 293.87
53.5803 294.4
53.616 294.88
53.6516 295.83
53.6872 303.89
53.7228 309.87
53.7585 309.98
53.7941 310.75
53.8297 311.9
53.8653 312.43
53.901 312.44
53.9366 312.58
53.9722 313.59
54.0078 313.92
54.0435 314.59
54.0791 315.17
54.1147 316.8
54.1503 317.01
54.186 318.61
54.2216 319.17
54.2572 319.24
54.2928 319.64
54.3285 319.7
54.3641 319.93
54.3997 320.16
54.4353 321.88
54.471 321.99
54.5066 323.26
54.5422 323.74
54.5778 323.77
54.6135 324.23
54.6491 324.34
54.6847 325.08
54.7203 325.39
54.756 325.49
54.7916 326
54.8272 326.08
54.8628 326.31
54.8985 327.16
54.9341 327.17
54.9697 328.28
55.0053 328.46
55.041 328.98
55.0766 329.57
55.1122 330.67
55.1478 331.59
55.1835 332.63
55.2191 333.38
55.2547 333.55
55.2903 334.05
55.326 334.09
55.3616 334.97
55.3972 335.77
55.4328 336.14
55.4685 336.8
55.5041 336.86
55.5397 337.14
55.5753 337.29
55.611 337.93
55.6466 341.08
55.6822 343.78
55.7178 344.03
55.7535 344.62
55.7891 345.1
55.8247 346.11
55.8603 347.13
55.896 347.47
55.9316 348.23
55.9672 348.86
56.0029 348.96
56.0385 349.34
56.0741 350.94
56.1097 351.14
56.1454 351.27
56.181 351.54
56.2166 351.9
56.2522 352.04
56.2879 352.79
56.3235 353.3
56.3591 355.17
56.3947 355.86
56.4304 356.14
56.466 356.56
56.5016 357.66
56.5372 358.18
56.5729 358.69
56.6085 358.77
56.6441 359.2
56.6797 359.35
56.7154 359.43
56.751 360.84
56.7866 360.94
56.8222 361.31
56.8579 362.73
56.8935 363.31
56.9291 363.48
56.9647 363.78
57.0004 365.29
57.036 366.77
57.0716 366.99
57.1072 367.13
57.1429 368.51
57.1785 368.93
57.2141 369.14
57.2497 369.15
57.2854 371.1
57.321 371.25
57.3566 371.86
57.3922 371.99
57.4279 372.38
57.4635 372.88
57.4991 373.32
57.5347 373.49
57.5704 374.02
57.606 374.26
57.6416 374.73
57.6772 374.95
57.7129 374.97
57.7485 375.13
57.7841 375.22
57.8197 375.24
57.8554 375.28
57.891 375.4
57.9266 375.72
57.9622 375.85
57.9979 376.04
58.0335 376.19
58.0691 376.2
58.1047 376.91
58.1404 376.94
58.176 377.09
58.2116 377.24
58.2472 377.72
58.2829 377.74
58.3185 378.2
58.3541 378.64
58.3897 379.1
58.4254 379.37
58.461 379.38
58.4966 379.96
58.5322 380.04
58.5679 380.08
58.6035 380.21
58.6391 380.42
58.6747 381.33
58.7104 381.54
58.746 381.76
58.7816 382.38
58.8172 383.13
58.8529 384.8
58.8885 385.34
58.9241 385.84
58.9597 385.86
58.9954 386.19
59.031 386.27
59.0666 386.59
59.1022 387.51
59.1379 387.66
59.1735 388.38
59.2091 388.46
59.2447 388.55
59.2804 388.61
59.316 388.86
59.3516 388.96
59.3872 390.66
59.4229 391.43
59.4585 391.84
59.4941 391.94
59.5297 392.18
59.5654 393.28
59.601 394.63
59.6366 395.86
59.6722 396.57
59.7079 397.83
59.7435 398.36
59.7791 398.43
59.8147 398.71
59.8504 398.89
59.886 399.48
59.9216 400.71
59.9572 401.92
59.9929 402.61
60.0285 404.55
60.0641 406.74
60.0998 406.82
60.1354 407.36
60.171 407.98
60.2066 408.04
60.2423 408.52
60.2779 408.74
60.3135 408.8
60.3491 409.17
60.3848 409.94
60.4204 410.13
60.456 410.72
60.4916 410.75
60.5273 411.42
60.5629 411.76
60.5985 412.29
60.6341 412.62
60.6698 412.69
60.7054 412.98
60.741 414.34
60.7766 414.95
60.8123 415.09
60.8479 415.16
60.8835 415.25
60.9191 415.38
60.9548 415.55
60.9904 415.56
61.026 415.69
61.0616 416.16
61.0973 416.25
61.1329 416.73
61.1685 416.93
61.2041 417.01
61.2398 417.15
61.2754 417.22
61.311 417.39
61.3466 418.04
61.3823 418.09
61.4179 418.14
61.4535 418.42
61.4891 418.45
61.5248 418.74
61.5604 419.38
61.596 419.42
61.6316 419.47
61.6673 419.69
61.7029 419.89
61.7385 419.98
61.7741 420.06
61.8098 420.33
61.8454 420.66
61.881 421.11
61.9166 421.2
61.9523 421.26
61.9879 421.46
62.0235 421.6
62.0591 421.64
62.0948 421.7
62.1304 422.3
62.166 422.52
62.2016 422.65
62.2373 422.76
62.2729 422.99
62.3085 423.52
62.3441 424.36
62.3798 424.4
62.4154 425.11
62.451 425.38
62.4866 425.99
62.5223 426.14
62.5579 426.99
62.5935 427.24
62.6291 427.86
62.6648 428.82
62.7004 429.05
62.736 429.46
62.7716 429.65
62.8073 429.72
62.8429 429.73
62.8785 429.98
62.9141 430.05
62.9498 430.36
62.9854 430.84
63.021 432.04
63.0566 432.06
63.0923 432.14
63.1279 432.25
63.1635 432.62
63.1991 432.64
63.2348 432.88
63.2704 433.49
63.306 433.54
63.3416 433.59
63.3773 433.64
63.4129 434.06
63.4485 434.46
63.4841 435.34
63.5198 435.38
63.5554 435.5
63.591 435.9
63.6266 436.1
63.6623 436.52
63.6979 436.54
63.7335 436.61
63.7691 436.73
63.8048 436.94
63.8404 436.96
63.876 437.06
63.9116 437.41
63.9473 437.51
63.9829 437.76
64.0185 438.07
64.0542 438.43
64.0898 438.77
64.1254 438.98
64.161 440.2
64.1967 441.75
64.2323 442.16
64.2679 442.5
64.3035 442.84
64.3392 442.95
64.3748 443.13
64.4104 443.73
64.446 443.84
64.4817 444.25
64.5173 444.31
64.5529 444.32
64.5885 444.51
64.6242 444.81
64.6954 445.01
64.731 445.13
64.7667 445.87
64.8023 446.22
64.8379 446.36
64.8735 446.64
64.9092 446.96
64.9448 447.08
64.9804 447.64
65.016 448.23
65.0517 448.38
65.0873 448.53
65.1229 448.88
65.1585 448.96
65.1942 449.14
65.2298 449.23
65.2654 449.33
65.301 449.86
65.3367 450.27
65.3723 450.46
65.4079 450.99
65.4435 451.1
65.4792 452.11
65.5148 452.58
65.5504 452.71
65.586 452.75
65.6217 453.04
65.6573 453.37
65.6929 453.38
65.7285 453.41
65.7642 453.82
65.7998 453.9
65.8354 454.82
65.871 454.85
65.9067 454.91
65.9423 455.31
65.9779 455.37
66.0135 455.73
66.0492 455.75
66.0848 455.99
66.1204 456.14
66.156 456.27
66.1917 456.35
66.2273 457.63
66.2629 457.85
66.2985 458.28
66.3342 458.5
66.3698 459.44
66.4054 459.46
66.441 459.61
66.4767 460.33
66.5123 460.37
66.5479 460.67
66.5835 460.7
66.6192 461.49
66.6548 461.87
66.6904 462.23
66.726 462.51
66.7617 463.74
66.7973 463.84
66.8329 464.83
66.8685 465.5
66.9042 467.8
66.9398 471.36
66.9754 471.56
67.011 472.15
67.0467 473.47
67.0823 473.83
67.1179 474.13
67.1535 474.54
67.1892 474.71
67.2248 475.32
67.2604 476.29
67.296 476.33
67.3317 477.09
67.3673 477.53
67.4029 478.07
67.4385 478.16
67.4742 478.23
67.5098 478.72
67.5454 479.48
67.581 480.5
67.6167 482.24
67.6523 484.43
67.6879 485.83
67.7235 486.74
67.7592 486.93
67.7948 489.09
67.8304 489.16
67.866 492.95
67.9017 493.09
67.9373 493.18
67.9729 494.4
68.0086 496.62
68.0442 497.22
68.0798 497.32
68.1154 500.26
68.1511 501.2
68.1867 501.55
68.2223 501.63
68.2579 502.44
68.2936 507.02
68.3292 508.42
68.3648 508.55
68.4004 508.57
68.4361 510.43
68.4717 511.93
68.5073 513.47
68.5429 513.94
68.5786 516.16
68.6142 519.04
68.6498 519.83
68.6854 520.12
68.7211 522.23
68.7567 524.08
68.7923 525.43
68.8279 525.63
68.8636 526.06
68.8992 529.16
68.9348 531.8
68.9704 532.59
69.0061 534.71
69.0417 536.42
69.0773 538.14
69.1129 541.83
69.1486 543.93
69.1842 544.57
69.2198 545.32
69.2554 552.21
69.2911 552.82
69.3267 560.3
69.3623 561.35
69.3979 562.13
69.4336 563.74
69.4692 564.37
69.5048 564.42
69.5404 565.26
69.5761 565.51
69.6117 567.2
69.6473 568.21
69.6829 568.67
69.7186 569.04
69.7542 569.63
69.7898 570.09
69.8254 570.47
69.8611 570.77
69.8967 571.44
69.9679 571.69
70.0036 571.74
70.0392 572.33
70.0748 572.36
70.1104 572.5
70.1461 572.67
70.1817 573.31
70.2173 573.45
70.2529 573.55
70.2886 573.66
70.3242 574.11
70.3598 574.15
70.3954 574.45
70.4311 574.96
70.4667 575.07
70.5023 575.73
70.5379 576
70.5736 576.25
70.6092 576.45
70.6448 576.7
70.6804 577.09
70.7161 577.86
70.7517 577.99
70.7873 578.16
70.8229 578.32
70.8586 579.07
70.8942 579.13
70.9298 579.38
70.9654 580.69
71.0011 580.7
71.0367 581.28
71.0723 581.35
71.1079 581.8
71.1436 581.83
71.1792 582.2
71.2148 582.28
71.2504 583.04
71.2861 583.1
71.3217 583.11
71.3573 584.69
71.3929 584.73
71.4286 584.76
71.4642 585.08
71.4998 585.51
71.5354 585.53
71.5711 586.03
71.6067 586.27
71.6423 586.52
71.6779 586.59
71.7136 586.76
71.7492 587.29
71.7848 587.4
71.8204 587.46
71.8561 588.06
71.8917 588.09
71.9273 588.42
71.9629 588.52
71.9986 589.45
72.0342 590.53
72.0698 590.62
72.1055 590.95
72.1411 591.03
72.1767 591.97
72.2123 591.99
72.248 592.26
72.2836 592.78
72.3192 592.89
72.3548 593.85
72.3905 595.03
72.4261 595.08
72.4617 595.8
72.4973 597.43
72.533 598.38
72.5686 598.41
72.6042 598.6
72.6398 598.88
72.6755 599.18
72.7111 599.47
72.7467 599.93
72.7823 600.01
72.818 600.86
72.8536 601.34
72.8892 601.71
72.9248 602.89
72.9605 603.52
72.9961 604.58
73.0317 604.75
73.0673 604.76
73.103 604.88
73.1386 605.06
73.1742 605.21
73.2098 605.29
73.2455 605.81
73.2811 606.03
73.3167 606.31
73.3523 606.33
73.388 606.81
73.4236 606.92
73.4592 607.34
73.4948 607.37
73.5305 608.22
73.5661 608.44
73.6017 608.53
73.6373 608.7
73.673 608.82
73.7086 608.92
73.7442 608.96
73.7798 609.37
73.8155 610.29
73.8511 610.65
73.8867 610.88
73.9223 610.9
73.958 611.07
73.9936 611.78
74.0292 612.34
74.0648 613.63
74.1005 613.93
74.1361 614.62
74.1717 614.79
74.2073 615.11
74.243 615.2
74.2786 615.24
74.3142 616.47
74.3498 616.49
74.3855 616.6
74.4211 617.42
74.4567 617.71
74.4923 617.82
74.528 617.93
74.5636 617.99
74.5992 618.38
74.6348 618.81
74.6705 619.36
74.7061 620.01
74.7417 620.22
74.7773 620.55
74.8486 621.22
74.8842 621.37
74.9198 621.49
74.9555 621.8
74.9911 622.21
75.0267 622.62
75.0623 622.84
75.098 623.26
75.1336 624.95
75.1692 625.49
75.2048 625.8
75.2761 625.83
75.3117 625.88
75.3473 626.71
75.383 626.96
75.4186 627.58
75.4542 627.91
75.4898 628.15
75.5255 628.22
75.5611 628.33
75.5967 628.62
75.6323 628.95
75.668 629.02
75.7036 630.15
75.7392 630.25
75.7748 630.72
75.8105 631.18
75.8461 631.39
75.8817 631.71
75.9173 633.18
75.953 633.67
75.9886 634.48
76.0242 635.02
76.0599 635.08
76.0955 635.51
76.1311 635.59
76.1667 636.78
76.2024 636.92
76.238 637.37
76.2736 638.16
76.3092 638.37
76.3449 639.08
76.3805 639.36
76.4161 639.37
76.4517 639.76
76.4874 639.83
76.523 640.69
76.5586 645.34
76.5942 645.43
76.6299 645.56
76.6655 646.3
76.7011 647.34
76.7367 648.38
76.7724 648.4
76.808 649.03
76.8436 649.24
76.8792 649.81
76.9149 649.96
76.9505 650.63
76.9861 650.82
77.0217 651.08
77.093 652.71
77.1286 652.89
77.1642 653.64
77.1999 653.93
77.2355 654.86
77.2711 654.98
77.3067 655.13
77.3424 655.44
77.378 655.63
77.4136 656.06
77.4492 656.61
77.4849 656.67
77.5205 658.4
77.5561 658.72
77.5917 658.79
77.6274 659.64
77.663 659.69
77.6986 661.05
77.7342 661.12
77.7699 661.79
77.8055 663.54
77.8411 663.6
77.8767 664.74
77.9124 664.84
77.948 664.88
77.9836 665.1
78.0192 665.16
78.0549 665.33
78.0905 665.73
78.1261 665.88
78.1617 666.18
78.1974 667.62
78.233 668.09
78.2686 669.44
78.3042 672.48
78.3399 673.17
78.3755 673.59
78.4111 673.84
78.4467 674.36
78.4824 674.38
78.518 675.34
78.5536 676.11
78.5892 676.52
78.6249 676.91
78.6605 679.05
78.6961 679.73
78.7317 681.63
78.7674 681.94
78.803 683.84
78.8386 685.99
78.8742 686.52
78.9099 687.36
78.9455 687.51
78.9811 688.1
79.0167 694.47
79.0524 695.87
79.088 696.32
79.1236 696.35
79.1592 697.37
79.1949 698.45
79.2305 702.5
79.2661 702.54
79.3017 703.55
79.3374 703.57
79.373 703.69
79.4086 704.02
79.4442 704.16
79.4799 705.62
79.5155 706.39
79.5511 709.15
79.5867 711.96
79.6224 712.24
79.658 712.51
79.6936 712.87
79.7292 713.67
79.7649 716.56
79.8005 721.19
79.8361 727.95
79.8717 728.42
79.9074 728.61
79.943 729.27
79.9786 730.47
80.0143 731.75
80.0499 731.76
80.0855 732.82
80.1211 735.41
80.1568 736.4
80.1924 736.72
80.228 738.28
80.2636 741.6
80.2993 742.01
80.3349 742.07
80.3705 742.46
80.4061 745.07
80.4418 746.72
80.4774 747.48
80.513 747.55
80.5486 748.22
80.5843 749.68
80.6199 750.63
80.6555 750.71
80.6911 751.38
80.7268 753.25
80.7624 754.76
80.798 755.68
80.8336 757.5
80.8693 758.81
80.9049 763.9
80.9405 764.04
80.9761 764.97
81.0118 765.21
81.0474 766.46
81.083 766.75
81.1186 768.24
81.1543 768.62
81.1899 770.41
81.2255 770.44
81.2611 771.41
81.2968 773.21
81.3324 775.25
81.368 775.48
81.4036 775.98
81.4393 776.64
81.4749 776.7
81.5105 777.91
81.5461 778.68
81.5818 780.85
81.6174 783.62
81.653 788.58
81.6886 788.59
81.7243 790.16
81.7599 795.4
81.7955 798.78
81.8311 802.83
81.8668 808.05
81.9024 810.58
81.938 814.53
81.9736 818.64
82.0093 820.87
82.0449 822.42
82.0805 825.12
82.1161 826.12
82.1518 828.22
82.1874 830.02
82.223 830.26
82.2586 833.1
82.2943 833.94
82.3299 834.03
82.3655 837.51
82.4011 842.01
82.4368 843.76
82.4724 845.85
82.508 846.9
82.5436 847.37
82.5793 848.29
82.6149 851.83
82.6505 853.02
82.6861 854.35
82.7218 854.37
82.7574 857.96
82.793 858.74
82.8286 858.98
82.8643 859.95
82.8999 860.89
82.9355 861.85
82.9711 863.95
83.0068 867.49
83.0424 871.05
83.078 873.26
83.1136 874.29
83.1493 874.71
83.1849 875.75
83.2205 878.68
83.2561 879.47
83.2918 880.15
83.3274 883.26
83.363 884.25
83.3986 884.67
83.4343 885.65
83.4699 891.62
83.5055 894.11
83.5411 894.2
83.5768 894.48
83.6124 895.67
83.6836 898.02
83.7193 898.21
83.7549 899.2
83.7905 899.35
83.8261 902.55
83.8618 904.45
83.8974 904.79
83.933 905.17
83.9686 912.69
84.0043 913.52
84.0399 914.04
84.0755 915.1
84.1112 916.79
84.1468 918.56
84.1824 920.01
84.218 920.24
84.2537 920.28
84.2893 925.33
84.3249 930.9
84.3605 931.11
84.3962 935.95
84.4318 940.1
84.4674 946.92
84.503 948.41
84.5387 951.39
84.5743 960.47
84.6099 964.69
84.6455 965.23
84.6812 967.67
84.7168 968.23
84.7524 969.62
84.788 970.6
84.8237 978.01
84.8593 987.35
84.8949 988.95
84.9305 990
84.9662 993.08
85.0018 996.86
85.0374 997.69
85.073 999.51
85.1087 1005.81
85.1443 1007.79
85.1799 1009.12
85.2155 1009.25
85.2512 1010
85.2868 1013.99
85.3224 1017.8
85.358 1018.05
85.3937 1018.11
85.4293 1024.61
85.4649 1029.95
85.5005 1030.82
85.5362 1033.65
85.5718 1034.08
85.6074 1037.44
85.643 1037.53
85.6787 1037.75
85.7143 1038.35
85.7499 1040.39
85.7855 1040.49
85.8212 1041.34
85.8568 1042.03
85.8924 1044.25
85.928 1052.54
85.9637 1052.82
85.9993 1053.12
86.0349 1054.34
86.0705 1058.41
86.1062 1068.67
86.1418 1070.13
86.1774 1079.75
86.213 1083.24
86.2487 1089.51
86.2843 1098.78
86.3199 1115.04
86.3555 1117.02
86.3912 1120.4
86.4268 1122.19
86.4624 1123.66
86.498 1124.76
86.5337 1129.87
86.5693 1135
86.6049 1143.75
86.6405 1147.25
86.6762 1147.63
86.7118 1150.48
86.7474 1151.58
86.783 1172.91
86.8187 1178.38
86.8543 1178.53
86.8899 1179.97
86.9255 1180.7
86.9612 1180.92
86.9968 1181.64
87.0324 1183.44
87.068 1184.79
87.1037 1184.82
87.1393 1190.6
87.1749 1190.89
87.2105 1191.81
87.2462 1193.02
87.2818 1194.28
87.3174 1203.73
87.353 1210.05
87.3887 1213.34
87.4243 1216.5
87.4599 1217.6
87.4955 1224.77
87.5312 1226.94
87.5668 1229.5
87.6024 1230.02
87.638 1232.43
87.6737 1243.24
87.7093 1244.37
87.7449 1246.31
87.7805 1248.22
87.8162 1248.32
87.8518 1255.4
87.8874 1257.13
87.923 1259.6
87.9587 1260.92
87.9943 1263.54
88.0299 1267.68
88.0656 1277.68
88.1012 1280.87
88.1368 1284.84
88.1724 1290.79
88.2081 1320.05
88.2437 1327.04
88.2793 1329.19
88.3149 1347.96
88.3506 1402.08
88.3862 1443.68
88.4218 1492
88.4574 1512.21
88.4931 1515.63
88.5287 1548.29
88.5643 1555.47
88.5999 1639.32
88.6356 1676.99
88.6712 1697.38
88.7068 1706.93
88.7424 1718.2
88.7781 1756.8
88.8137 1759.96
88.8493 1772.42
88.8849 1802.16
88.9206 1807.37
88.9562 1887.33
88.9918 1938.94
89.0274 1968.1
89.0631 1993.26
89.0987 2051.73
89.1343 2055.62
89.1699 2106.31
89.2056 2139.03
89.2412 2197.23
89.2768 2207.58
89.3124 2232.65
89.3481 2244.26
89.3837 2247.48
89.4193 2289.87
89.4549 2291.48
89.4906 2294.4
89.5262 2327.9
89.5618 2330.23
89.5974 2332.19
89.6331 2357.5
89.6687 2364.52
89.7043 2371.96
89.7399 2423.16
89.7756 2452.18
89.8112 2456.92
89.8468 2460.2
89.8824 2476.3
89.9181 2485.36
89.9537 2494.48
89.9893 2499.98
90.0249 2517.41
90.0606 2521.24
90.0962 2525.67
90.1318 2528.1
90.1674 2529.78
90.2031 2550.18
90.2387 2552.81
90.2743 2555.65
90.3099 2561.56
90.3456 2576.17
90.3812 2579.93
90.4168 2581.07
90.4524 2584.56
90.4881 2591.22
90.5237 2593.17
90.5593 2594.45
90.5949 2619.11
90.6306 2619.12
90.6662 2625.07
90.7018 2629.27
90.7374 2641.66
90.7731 2664
90.8087 2682.59
90.8443 2694.22
90.8799 2694.29
90.9156 2697.47
90.9512 2712.16
90.9868 2720.08
91.0224 2723.58
91.0581 2735.59
91.0937 2736.59
91.1293 2738.22
91.1649 2738.93
91.2006 2740.79
91.2362 2746.33
91.2718 2762.63
91.3074 2778.83
91.3431 2779.04
91.3787 2805.18
91.4143 2814.36
91.4499 2825.03
91.4856 2826.7
91.5212 2838.81
91.5568 2873.83
91.5924 2877.39
91.6281 2883.68
91.6637 2914.08
91.6993 2942.34
91.7349 3018.54
91.7706 3226.41
91.8062 3255
91.8418 3301.76
91.8774 3377.54
91.9131 3431.97
91.9487 3445.28
91.9843 3453.16
92.02 3603.31
92.0556 3612.68
92.0912 3662.12
92.1268 3672.57
92.1625 3678.74
92.1981 3679.61
92.2337 3686.9
92.2693 3777.29
92.305 3858.09
92.3406 3874.26
92.3762 3895.51
92.4118 3897
92.4475 3917.65
92.4831 3927.5
92.5187 4054.94
92.5543 4067.08
92.59 4111.2
92.6256 4111.22
92.6612 4137.67
92.6968 4148.27
92.7325 4159.46
92.7681 4164.1
92.8037 4185.29
92.8393 4188.84
92.875 4191.17
92.9106 4191.22
92.9462 4204.43
92.9818 4206.13
93.0175 4208.56
93.0531 4225.92
93.0887 4291.88
93.1243 4316.34
93.16 4317.54
93.1956 4319.72
93.2312 4320.09
93.2668 4322.75
93.3025 4353.05
93.3381 4362.47
93.3737 4370.24
93.4093 4382.74
93.445 4387.46
93.4806 4394.51
93.5162 4394.64
93.5518 4404.1
93.5875 4408.32
93.6231 4422.12
93.6587 4425.3
93.6943 4437.03
93.73 4439.66
93.7656 4596.96
93.8012 4626.72
93.8368 4630.73
93.8725 4631.69
93.9081 4638.1
93.9437 4643.97
93.9793 4648.13
94.015 4754.7
94.0506 4764.87
94.0862 4772.97
94.1218 4830.77
94.1575 4950.72
94.1931 5439.13
94.2287 5518.85
94.2643 5572.2
94.3 5595.23
94.3356 5640.13
94.3712 5697.39
94.4068 5699.58
94.4425 5732.82
94.4781 5733.9
94.5137 5754.22
94.5493 5767.68
94.585 5809.69
94.6206 5857.32
94.6562 5888.14
94.6918 5895.3
94.7275 5984.09
94.7631 5984.96
94.7987 6013.23
94.8343 6121.8
94.87 6140.53
94.9056 6337
94.9412 6447.67
94.9768 6517.68
95.0125 6570.31
95.0481 6598.77
95.0837 6750.17
95.1193 6914.26
95.155 6958.21
95.1906 7030
95.2262 7118.8
95.2618 7146.78
95.2975 7161.45
95.3331 7279
95.3687 7382.45
95.4043 7387
95.44 7458.79
95.4756 7581.8
95.5112 7689.91
95.5468 7700.39
95.5825 7776.94
95.6181 7843.94
95.6537 7862.11
95.6893 8002.64
95.725 8033.94
95.7606 8070.8
95.7962 8095.59
95.8318 8186.65
95.8675 8196.02
95.9031 8196.9
95.9387 8201.46
95.9743 8230.69
96.01 8237.24
96.0456 8238.2
96.0812 8256.99
96.1169 8269.33
96.1525 8516.24
96.1881 8556.61
96.2237 8594.19
96.2594 8689.84
96.295 8712.89
96.3306 8763.78
96.3662 8787.16
96.4019 8827.63
96.4375 8875.34
96.4731 8891.21
96.5087 8895.4
96.5444 8915.9
96.58 8918.74
96.6156 9052.58
96.6512 9118.27
96.6869 9144.15
96.7225 9224.39
96.7581 9237.05
96.7937 9299.28
96.8294 9326.59
96.865 9477.84
96.9006 9532.74
96.9362 9586.46
96.9719 9682.38
97.0075 9739.05
97.0431 9816.35
97.0787 9830.43
97.1144 9906.8
97.15 9908.23
97.1856 9916.54
97.2212 10016.49
97.2569 10035
97.2925 10149.46
97.3281 10166.51
97.3637 10178.71
97.3994 10309.64
97.435 10313.08
97.4706 10396.63
97.5062 10456.17
97.5419 10564.42
97.5775 10709.53
97.6131 10772.15
97.6487 10839.83
97.6844 10859.56
97.72 10895.01
97.7556 10907.59
97.7912 11019.52
97.8269 11090.06
97.8625 11092.15
97.8981 11137.24
97.9337 11141.25
97.9694 11158.39
98.005 11159.72
98.0406 11180.89
98.0762 11228.24
98.1119 11250.65
98.1475 11348.02
98.1831 11399.52
98.2187 11407.15
98.2544 11432.98
98.29 11438.65
98.3256 11479.73
98.3612 11514.92
98.3969 11522.86
98.4325 11616.85
98.4681 11694.47
98.5037 11696.06
98.5394 12629.81
98.575 12759.64
98.6106 13287.26
98.6462 13412.44
98.6819 13585.9
98.7175 13619.03
98.7531 13708.99
98.7887 13812.71
98.8244 13857.14
98.86 13860.14
98.8956 13917.03
98.9312 13975.44
98.9669 14188.78
99.0025 14427.87
99.0381 14428.76
99.0737 14439.47
99.1094 14548.71
99.145 14740.76
99.1806 14890.72
99.2162 14913.4
99.2519 14970.36
99.2875 15036.96
99.3231 15134.65
99.3587 15155.23
99.3944 15378.28
99.43 15561.05
99.4656 15745.26
99.5012 16057.14
99.5369 16178.49
99.5725 16407.2
99.6081 16454.72
99.6437 16531.08
99.6794 16699.68
99.715 16858.02
99.7506 16937.17
99.7862 17135.84
99.8219 17178.1
99.8575 17601.94
99.8931 17608.35
99.9287 18960.52
99.9644 19086.64
100 19343.04
